[0.36959845789201395,
 0.4735310060689111,
 0.38596123167371843,
 2.6436629385234625,
 0.11787343966713681,
 0.5596699489087422,
 0.0707215530312375,
 0.0013916539401179762,
 0.20584618338105898,
 0.9160814352636102,
 0.9911213140176134,
 2.9547140133389895,
 0.47304562299429165,
 0.0005188768581234626,
 0.0088301369992827,
 0.7109409042964865,
 0.6622933952237453,
 0.4899923688470411,
 0.305471736860202,
 1.59533675864283,
 1.0783863617535803,
 0.2749434094577943,
 0.5721374043896985,
 0.6157480662604407,
 0.9856271882598764,
 0.23794414643400175,
 0.002282385162288847,
 0.2884787973528091,
 0.5626154526698832,
 1.8663719071318532,
 0.09888720610181445,
 0.9511272223336533,
 2.313134486680557,
 0.05179796533976688,
 0.707754919038539,
 0.9264906538875408,
 0.4475173370654062,
 0.0023990576849577394,
 0.026976839186767743,
 0.31075182763175135,
 0.07374869319534127,
 0.5609698582908464,
 1.0092711362534326,
 0.06772834953967988,
 0.3834692331442433,
 1.960463380780203,
 0.3448717090795326,
 0.4655462346472761,
 0.010175613337967349,
 0.586788443876989,
 0.3008701022927198,
 0.020010438765673877,
 0.5789430810310137,
 0.42847192931134614,
 2.4752607117400807,
 0.16579021012770512,
 0.7776418216111134,
 0.560936666979128,
 1.107870135009592,
 2.114580626320106,
 0.6831211094281293,
 0.0003834746976849601,
 0.048152669056050514,
 0.39599639522711616,
 0.45684574156631985,
 0.03688128324476825,
 1.9754275335345666,
 0.12122603064932491,
 0.3064651049116309,
 1.3526436993717574,
 0.044961798766522065,
 0.7822095563315088,
 0.3746867746548652,
 1.0621406219660026,
 0.9259255103245323,
 0.9339006151815008,
 0.05336549154577597,
 0.4811488028000577,
 0.6163245433770934,
 0.38457142175207437,
 0.008398473251269856,
 0.17975072427333405,
 0.0652579052627722,
 1.5072480095897198,
 0.37338122206372426,
 0.4638697006389556,
 0.5999404304895615,
 0.4308234339846173,
 0.6856603656728035,
 0.5242228544682084,
 0.09438986740380884,
 0.20767962506128357,
 3.941355994810923,
 0.09646330579010098,
 3.0203404995682783,
 0.9989813777322389,
 0.2495382178382819,
 0.08880460860452022,
 0.011292062004940817,
 0.3123511031349333,
 1.6185317867515927,
 0.14503218489212433,
 0.0011807646736237132,
 0.15774552972914435,
 0.5967506915102696,
 0.5971753652290526,
 0.30767473463026307,
 0.20327902023763245,
 0.5412480385346827,
 0.03689074461035724,
 0.904866104981715,
 0.2373425540171406,
 0.2553883303199902,
 0.4907695263558512,
 2.2648387619155983,
 2.2538747765930225,
 0.09042658929644531,
 0.9409994157943677,
 0.523032153769293,
 0.04125712629903333,
 0.018956281368809336,
 0.8631921005900409,
 0.5499438056408243,
 1.0572607562885992,
 3.440001078946242,
 0.159222015453512,
 0.08458275701019957,
 1.129257980187065,
 1.4108690998584485,
 0.27969942771336775,
 0.4309424537156161,
 0.3619646841150379,
 0.05196965015367838,
 0.004904948625053862,
 0.431689029597365,
 0.07544494585332573,
 0.19293830420892633,
 1.301014376827542,
 0.4964431102050506,
 0.597582035748915,
 0.3002021076300929,
 1.5347818066625365,
 0.06856591383671806,
 0.005893181068139519,
 0.004082820738094739,
 0.503914543427527,
 0.5290911701558834,
 2.209229943498915,
 0.008898612366067482,
 0.0017706398730297224,
 0.5181678093610032,
 1.2084781749838394,
 0.6136686784947223,
 2.241640360057673,
 0.06181808576002368,
 1.5081411529865731,
 0.0023211572310464224,
 0.15487600294831338,
 1.5008815734971472,
 0.17040690258273017,
 0.002195497399314128,
 0.14514772458770508,
 0.03202786402324875,
 0.3203819601492377,
 0.42970333430275875,
 0.7182694283970683,
 0.0316659142714002,
 0.9642690848787403,
 1.4557640941768677,
 0.14114459828708537,
 0.0186674633653503,
 0.9134793464586757,
 0.10523122720259437,
 0.7847833627749878,
 0.6028686913333212,
 0.00407240717956725,
 0.8293422890439075,
 0.24261279862459162,
 0.009750784627215126,
 0.0015235503247270632,
 1.5311515573519439,
 0.0021109255580000763,
 0.8955035159816751,
 0.23246348155420393,
 0.2963265570566733,
 0.3138029106196427,
 0.963586481436929,
 0.1916802872370491,
 0.47198017758466554,
 0.5390004102978816,
 0.6752120103602834,
 0.06857722195996985,
 0.07094267234999396,
 0.9921746167487164,
 0.32200970219493286,
 0.43699566023535963,
 0.030823165913505153,
 0.3939236009514957,
 2.5415262828402074,
 1.0299218644539698,
 1.6683207594832226,
 0.2540247200607979,
 0.35718242209076984,
 0.00083400276594503,
 0.0019644800439872247,
 1.8880457293262545,
 0.7888408736703809,
 0.15210012831690634,
 0.901712814932081,
 1.5877435364024708,
 1.039755493922744,
 0.9795607544869114,
 1.8341249779563764,
 0.03753885809359958,
 0.08225191348076866,
 1.5304177500063396,
 0.6563469539402969,
 0.1299810886144448,
 0.8771785279575148,
 0.035186408964907656,
 1.4368197710106765,
 0.6371284913827004,
 0.06726628811156843,
 0.3211993861591298,
 0.03594744456631904,
 0.28612477943966397,
 0.8999144924842009,
 0.7163788218957743,
 0.6003271436509436,
 0.11174775034993445,
 0.03880169552701407,
 0.05180479580438324,
 0.005770588735177995,
 0.001261824058108374,
 0.048465954202833395,
 1.141768638650209,
 1.7698041138245948,
 0.045823026951809176,
 0.28975733685748484,
 2.6836099447695148,
 0.7455519080159343,
 1.6483751620633678,
 1.017530309153699,
 0.002567065143367131,
 0.22566749295970112,
 0.822043038644332,
 0.0009929624538926873,
 0.3746587911865271,
 0.32681943017529225,
 0.11740499654994441,
 1.4562528404622412,
 0.24585666832314246,
 1.4065483297133632,
 0.39221567590084305,
 1.178790577430605,
 2.4965820856871233,
 0.6490220234169195,
 0.05261278343802189,
 1.7122716708932737,
 0.057867143336869875,
 0.029932436584889643,
 1.4558438860872833,
 0.2479296750173967,
 0.020920780943854744,
 0.5369941029335337,
 0.23264785839585134,
 0.6571156717553359,
 4.251045428803018,
 0.7365301288449553,
 1.4185617504348933,
 1.0384146189473151,
 0.3267730218680578,
 2.5152985230867877,
 4.8066953045378114e-05,
 0.2768310659767368,
 0.17475607730830234,
 0.33155919854565585,
 0.054500152737787744,
 0.9834142605136584,
 0.7842935370572981,
 1.7403035645312424,
 0.8178305103027137,
 0.43657209391313145,
 0.06832001172805136,
 0.43206506729860905,
 0.15243542465848137,
 0.474179610454585,
 0.250436168251178,
 0.6348741201487087,
 0.4035888361780815,
 0.03319265350205569,
 0.003290032094017903,
 0.1761884529781741,
 0.5737298470301688,
 0.14887393048434205,
 0.2082545325088745,
 1.0000854152798277,
 0.47137392977362325,
 2.256820721479881,
 0.7017001133433434,
 0.00686721324490791,
 2.0629924751263298,
 1.2442280260449232,
 0.49469008166228434,
 0.004856952121290448,
 0.5574982095405154,
 0.8825596870597687,
 0.0010087624182455457,
 0.060186299989940295,
 0.16610436881036605,
 0.19256756296773123,
 0.30660522494836173,
 0.511664654648393,
 0.7668192196972692,
 0.05357531704858337,
 0.7585919783014425,
 0.008516266784308835,
 0.9952093655640262,
 0.07935933127738792,
 3.336136647114248,
 1.4172986731687764,
 0.48746382957589063,
 0.5045781216347258,
 0.32772360061359884,
 0.14896869718137395,
 0.30417706068470807,
 0.6819822762827181,
 1.3274310238058575,
 0.03680326899072739,
 0.16258117844075004,
 0.7209930680165968,
 0.32826282977316623,
 1.0289482389174545,
 2.252251249131076,
 0.17724933437035872,
 0.09356775851845,
 2.8826642250909487,
 0.4689175282561884,
 0.023276716525092667,
 0.018931428002870954,
 0.056419534869306176,
 0.2870132155476348,
 0.2453523166369429,
 0.07098460636445125,
 0.20187840909642674,
 0.20983003840824438,
 0.44265178508368663,
 1.128801251409218,
 2.5385022774941177,
 0.8254954763056412,
 1.3402702266368929,
 0.24034769860805683,
 0.36593904239220504,
 0.7599004625774342,
 0.06620272480425826,
 0.011200236245543282,
 1.113850443259512,
 0.43980304946909415,
 0.03528534622755203,
 0.001364919283442012,
 2.0516431129575574,
 0.04572889681258291,
 0.2926306148119473,
 0.15303044957949297,
 1.8148591672514611,
 0.665098614605597,
 1.441477415828868,
 0.02141964736304036,
 1.4516688084082228,
 0.014016451752244308,
 0.3382632996922489,
 0.556618340073376,
 2.5876349426243954,
 5.369123579664405,
 0.43390421740735624,
 0.2543207126115341,
 0.5421352858080672,
 0.9886207859521106,
 1.53820536719965,
 0.3450959941223033,
 1.1933674176582878,
 2.886868661539425,
 0.09911872968281465,
 0.837314733232514,
 0.6169200281947167,
 0.5267287858879366,
 0.10077152355219798,
 0.562071017785005,
 0.43851654183733046,
 0.1542552214347564,
 0.2527086618275401,
 0.29248364798659865,
 0.5722580351653059,
 0.09246355561957054,
 0.5184499100299753,
 2.9575529338728757,
 0.1163802627061159,
 1.7857464971446468,
 0.01226568565256514,
 0.5703668304754936,
 0.13380974409807322,
 0.02914105868970651,
 0.20292233530290105,
 0.3289781838885233,
 0.4606662558465793,
 0.7686602918223082,
 1.1400739756784475,
 1.129861277328211,
 1.4427940772244805,
 0.005054912863844407,
 0.8443516013389996,
 0.3633276138988464,
 5.2831670583783685,
 0.8133976872560567,
 0.0626295581625449,
 0.06877586295086591,
 0.24268733143140708,
 0.2270930124613848,
 0.11108078103974606,
 0.6583904601243695,
 0.41179327093578966,
 1.2500406374672113,
 0.6372545756722872,
 1.0545344915390729,
 0.6726929817751994,
 0.2681033457122749,
 0.44130188733221587,
 0.029393198012287236,
 1.1150504821617722,
 0.16136953826752976,
 0.4655947436393859,
 0.012795026312390156,
 0.15285535551595175,
 0.0479500278206757,
 0.10737296604094482,
 0.2181250832566093,
 2.4009184436955024,
 1.589749893020099,
 1.9728031504840617,
 2.201781200534186,
 2.2634787356000885,
 0.3287754166154997]