[0.10884231572105407,
 0.7066835906903259,
 0.4301885487657273,
 1.2888945423119367,
 0.13301464721939826,
 0.1574669235278634,
 0.024762493944763264,
 0.003364093147922631,
 0.08176246272029175,
 0.1990723248258206,
 1.166110834379082,
 1.3693885236208736,
 0.7584226962960239,
 0.011749368409269323,
 0.10772133211334278,
 0.953381030555108,
 0.9722604894701203,
 0.28085643970579,
 0.8425434528811295,
 1.8695200579776463,
 0.9954156600445053,
 0.08535243555900607,
 0.4897005395798857,
 0.38569292300130176,
 0.511703240632361,
 0.043660157717803294,
 0.03351301142928165,
 0.38892818881038593,
 1.147628648016764,
 2.046230238075143,
 6.274748457713031e-06,
 0.4755335146885642,
 0.7205333902111875,
 0.11776177424247525,
 0.29739870777550337,
 0.9199248479038467,
 0.0706272711698972,
 0.015128139411886343,
 0.01201305664385277,
 0.073853069316133,
 0.09203042694895558,
 0.2768369461631579,
 0.7850842474086006,
 0.0067987130508095905,
 0.08137236182280105,
 0.9094089839170607,
 0.14171601775959974,
 0.6737911260567877,
 0.002851694737061372,
 0.40256305455932306,
 0.48547682161569483,
 0.008634090004357164,
 0.5963469966945576,
 0.14690619254068693,
 2.6414181291475103,
 0.1409055200056173,
 0.5401671941485944,
 0.48109563498915353,
 0.7195046564084038,
 1.1391939710227952,
 0.30606282565237564,
 0.14980809686768737,
 0.03259506221572842,
 0.13107441688208965,
 0.035566813870421043,
 0.0007059320256532775,
 1.710534618340617,
 0.00010877698883859921,
 0.41432017139241695,
 0.5607135495368176,
 0.13538989451207328,
 0.21485520203521347,
 0.42557087653882775,
 0.27359303555528314,
 2.6657232912940865,
 1.423974868628207,
 0.3529722306726768,
 0.006710558916495302,
 1.8440078918936287,
 0.02793179716013583,
 0.0032876290807246633,
 0.002480863140647216,
 0.017174912423584487,
 1.8567085633560652,
 0.48437390741620234,
 0.2302786124892151,
 0.21098281002286967,
 0.31066534460146844,
 1.5881366991558288,
 0.5861263553609499,
 3.024430397147171e-05,
 0.2479893475632109,
 1.693105547065418,
 0.03265828091439027,
 2.5812174304167437,
 0.6415987784097352,
 0.15154849464267173,
 0.22175030364989667,
 0.002423872587442588,
 0.2348742996804385,
 1.0066466141066153,
 0.37572958363524833,
 0.00048209327602322105,
 0.11838667884093468,
 0.017294477571695666,
 0.7480717939132688,
 0.19167703833707272,
 0.07619790210681843,
 0.4970128113838259,
 0.0047557708458043635,
 0.251580852018777,
 0.40503256483078337,
 0.5539892449496762,
 0.5433254132351988,
 1.905528684526999,
 0.9891488887609654,
 0.05927811168229269,
 0.615739460327891,
 0.028022241986036533,
 0.03200955665889205,
 0.0143021706784916,
 1.1073798987141004,
 1.4992861034122065,
 1.0060397710206281,
 2.0365997872923494,
 0.03730548872073669,
 0.0016609630382760088,
 0.3577591969954028,
 1.1897848626896357,
 0.2920804436095956,
 0.0913361278895195,
 0.03690170711669882,
 0.00017130478865112764,
 0.038260258897949484,
 0.1997843796003531,
 0.09015530246802772,
 0.01174626742228213,
 1.1608154817154492,
 0.08424477033366262,
 0.5622603478040722,
 0.005117672837858578,
 1.4085584876421562,
 0.004610895943418569,
 0.07375058704682491,
 9.890549908764257e-05,
 1.5692174953894664,
 0.19440234783564847,
 0.8316206095265812,
 0.00017977780118272335,
 0.002763546962686547,
 0.1047056923092704,
 2.5006788463694853,
 0.006956754943132637,
 1.0705741917663012,
 0.0011969345016247246,
 1.548709290376454,
 0.11523467007873678,
 0.0008921405516417735,
 2.1155707403466986,
 0.0590779862452564,
 0.06938718423897061,
 0.021558600370244818,
 0.2960533896144577,
 0.04728030012974305,
 0.8209353991691302,
 1.2351255840482658,
 0.013174327273191011,
 0.5289544082846515,
 1.4470199435026254,
 0.2805218644180707,
 0.019861700851894426,
 0.28936164369555684,
 0.02804011494106451,
 1.716218068389285,
 2.282871915927452,
 0.005178349143623251,
 0.09400208246758268,
 0.014705083157767973,
 0.0013092094608424532,
 0.019552897914781875,
 0.2042526190603553,
 0.2760814075045346,
 0.4605874526775189,
 0.23803947790575908,
 0.3021180858417125,
 0.5170545751131073,
 1.017307619009955,
 0.06985903688916384,
 0.6450171878868032,
 0.6236291048047358,
 0.7173016269841606,
 0.15151605770485332,
 0.01793725226210441,
 0.10778073295347212,
 0.49385868976800396,
 1.407354342993485,
 0.00501559890812161,
 0.1140570775936709,
 2.062100420671925,
 1.551339955718106,
 1.7492126003209627,
 0.21592003915885982,
 0.1655696198435766,
 0.06773771130244555,
 0.00030603751166716556,
 2.2850216489158335,
 0.3001686343145735,
 0.006496017857898551,
 0.7369823952009478,
 1.5238268065381755,
 0.8458444111197991,
 0.6303949685707835,
 1.4273622162420452,
 0.09805301375692488,
 0.04138253901253908,
 1.5478643894476853,
 0.6550139658893137,
 0.014048648586882706,
 0.8246104441206548,
 0.0030656491158111976,
 1.2836435205301235,
 0.4516600141238456,
 0.06477863978945209,
 0.3597512162541803,
 0.06305589654026367,
 0.4148760433394783,
 0.3305996250014722,
 0.21576828842115958,
 0.13569026267647644,
 0.03947811764363962,
 0.23683656682101173,
 0.025954355133984086,
 0.07733829155972671,
 0.2528436122331392,
 0.0044506529116148386,
 0.5186342137654378,
 1.400125441853394,
 0.3095383385721467,
 0.37831398315405185,
 1.7129185440312291,
 0.5737251516984863,
 2.56446989456503,
 1.1900031284342418,
 0.012236011210720932,
 0.03675731600595,
 0.49969050433887574,
 0.004118370671690741,
 0.48524078209382987,
 0.038248787493344594,
 0.5455786306989561,
 1.4959031849420779,
 0.151985083264222,
 1.1769003272070258,
 0.00025506728788116106,
 1.4828200835019354,
 2.1569621867480606,
 0.19258114880793542,
 0.08078008236526912,
 0.13983693424182153,
 0.05916363829343041,
 0.1577112526661928,
 1.0224641658679312,
 0.14701408866848453,
 0.015368989955889312,
 0.21722324166421814,
 0.8621359307308332,
 0.4041937262205517,
 2.3305852781008163,
 0.28531807378314866,
 0.8625751940553847,
 1.1173965479993628,
 0.035430030998671924,
 1.3622279702305784,
 0.04092249748746113,
 0.14723781017397486,
 0.19114051303228408,
 0.3089366213169322,
 0.006369325859086672,
 0.24973995298984164,
 0.12901539159884123,
 1.0278569616462505,
 0.6591933046682152,
 0.7128109905380251,
 0.19895825906369874,
 0.14831959852842047,
 0.08403769302880448,
 0.24862098653102294,
 0.08221620721701939,
 0.2072086422473982,
 1.1296766950719184,
 0.01435636074151958,
 0.09796840829914744,
 0.12321055842604012,
 0.3757615530797844,
 0.9032834894426287,
 0.05266406518353861,
 0.8649890399006068,
 0.1537219660444613,
 2.033453855824199,
 0.5868795587911544,
 0.018777226478814635,
 1.4469099582467857,
 0.34425867157530377,
 0.27261529962768893,
 0.0028477810360181266,
 0.20189206758244893,
 0.17129260088063347,
 0.00019826809262829537,
 0.12350798761753268,
 0.0001775311584175654,
 0.3141194081428226,
 0.18040854996879774,
 1.74659581238111,
 0.7502748701597506,
 0.26190113074189814,
 0.12603508573683087,
 0.17711881866066292,
 2.806242870131687,
 0.12961000976816095,
 2.243986219628269,
 0.153535487863806,
 0.5226991647886372,
 0.13445963995210608,
 0.29832621123987124,
 0.020562162122107708,
 0.0007195140511271347,
 1.067531498998389,
 0.37276808339195,
 0.333025146810235,
 1.1384727940391643,
 0.4604001401712674,
 0.014544830844531731,
 0.47919984823329287,
 1.1509354794134765,
 0.2774783393647482,
 0.055802874386756685,
 0.46799187496846173,
 0.38032020541482225,
 0.019993094571933767,
 0.0003942349337870965,
 0.020245213256253614,
 0.4000510006778777,
 1.0240821770161102,
 0.1840246524950686,
 0.002287525070997276,
 0.0020200263797995888,
 0.2052520499069601,
 0.047734912881480795,
 1.8733985191748612,
 0.08744681730761172,
 1.3755259939097986,
 0.7377108280110671,
 0.40902003024324457,
 0.44934984430110436,
 0.442982282126563,
 0.1617840417250369,
 0.04796365499737476,
 0.0005439011393413296,
 0.4436277859586113,
 0.005111188828377924,
 3.626133882998662,
 0.4373107376731957,
 0.04171526568367856,
 0.015623413066628622,
 1.0190672585923446,
 0.7640628446608844,
 0.0110677532930481,
 0.5779262221436778,
 0.7250673315393783,
 0.18707845695507924,
 0.00586997326906058,
 0.026414995023319676,
 0.6726030337035951,
 1.4609912830160852,
 1.357387681971943,
 0.0004020952889192131,
 0.3525834786724866,
 0.24004933912988324,
 0.1939599339080047,
 0.051940161620450453,
 1.1397225693706936,
 0.09041415066172931,
 0.14708736727601845,
 0.002281246275970261,
 0.5962718340379212,
 0.018313714580031615,
 0.11237453249254603,
 0.017800750731741033,
 0.12599403771815787,
 0.16771533260589444,
 0.22428857627219045,
 0.6653538401196535,
 0.11256417079620462,
 0.10055430220417905,
 0.4696460465407313,
 0.4148220565266456,
 0.0002503090684946585,
 0.06373653459399975,
 0.007882023482025602,
 0.2269302857712887,
 0.06252599032654871,
 0.10360054577035172,
 0.05636314441075285,
 0.18818480324968334,
 0.5428680478680372,
 0.6912658146924153,
 0.8555638240782315,
 0.17469441310355993,
 1.596701433613391,
 0.07691974990314959,
 0.5401878712834929,
 0.19911961197070482,
 4.460305150994132,
 0.841365344669839,
 0.03564558897659609,
 0.20752725524764148,
 0.22297861572587863,
 0.27069122006935586,
 0.23517506306588132,
 0.3758333157338791,
 0.10266631978551288,
 1.4769272368362165,
 0.4849834847973966,
 1.1757189235758583,
 0.9738687333310736,
 0.1901534968805078,
 0.09270579359713338,
 0.4788823983872428,
 0.9350271705343696,
 0.34543911811282246,
 0.37771979246745335,
 0.0029279104336552564,
 0.006552558625116944,
 0.007994863487411408,
 0.1454260803875549,
 0.09087160791126792,
 3.079355644869289,
 1.5547663538382608,
 2.023522146011815,
 1.8147609648403782,
 2.2925533656676045,
 0.015062101045160148]